   5.55540    6.65498    7.78156    8.92902   10.09148   11.26322   12.43867   13.61226   14.77842   15.93150
   4.47508    5.79617    7.09433    8.37408    9.64023   10.89780   12.15192   13.40776   14.67051   15.94520
   4.21843    5.38788    6.59260    7.81971    9.05701   10.29259   11.51449   12.71035   13.86705   14.97040
   4.42017    5.67617    6.89843    8.09825    9.28759   10.47870   11.68382   12.91474   14.18248   15.49683
   5.39752    6.44688    7.46660    8.46239    9.44031   10.40668   11.36799   12.33077   13.30156   14.28677
   5.43471    6.54549    7.68356    8.84265   10.01687   11.20062   12.38850   13.57517   14.75530   15.92340
   5.93580    6.96246    7.97334    8.97288    9.96568   10.95638   11.94967   12.95019   13.96252   14.99108
   4.57073    5.67103    6.78586    7.91086    9.04182   10.17463   11.30516   12.42930   13.54281   14.64132
   5.69203    6.79588    7.91310    9.03861   10.16741   11.29457   12.41511   13.52400   14.61604   15.68584
   4.28536    5.46335    6.62868    7.78601    8.94013   10.09586   11.25800   12.43126   13.62021   14.82919
   5.94794    6.96295    8.01871    9.10123   10.19762   11.29561   12.38298   13.44704   14.47416   15.44925
   5.15395    6.18619    7.17680    8.13815    9.08369   10.02738   10.98326   11.96495   12.98516   14.05510
   4.47975    5.51582    6.61833    7.76687    8.94339   10.13136   11.31496   12.47811   13.60353   14.67194
   5.49958    6.62275    7.68095    8.68915    9.66465   10.62621   11.59312   12.58448   13.61836   14.71089
   5.78644    6.76517    7.80764    8.89540   10.01210   11.14286   12.27356   13.39010   14.47759   15.51966
   5.26433    6.34368    7.36176    8.33143    9.26771   10.18701   11.10637   12.04285   13.01282   14.03132
   4.03374    5.09298    6.24551    7.45755    8.70136    9.95292   11.18915   12.38510   13.51130   14.53160
   5.98692    7.04114    7.99297    8.86816    9.69780   10.51577   11.35661   12.25356   13.23627   14.32804
   5.03550    5.99505    7.00138    8.04208    9.10562   10.18113   11.25805   12.32591   13.37394   14.39081
   5.80942    6.97824    8.10709    9.20439   10.27960   11.34287   12.40469   13.47563   14.56594   15.68532
   5.66956    6.55459    7.48783    8.45469    9.44181   10.43664   11.42692   12.40024   13.34347   14.24239
   5.36225    6.39997    7.39466    8.35678    9.29814   10.23137   11.16941   12.12501   13.11024   14.13598
   5.59481    6.57296    7.59200    8.63766    9.69688   10.75722   11.80629   12.83118   13.81788   14.75082
   5.65265    6.63983    7.58485    8.50038    9.40023   10.29877   11.21041   12.14910   13.12775   14.15767
   5.64298    6.59416    7.56583    8.55230    9.54803   10.54764   11.54577   12.53707   13.51608   14.47717
   5.24138    6.37587    7.49287    8.59684    9.69246   10.78455   11.87799   12.97762   14.08820   15.21431
   5.46635    6.57322    7.68572    8.80042    9.91391   11.02278   12.12358   13.21281   14.28689   15.34213
   4.54295    5.80507    7.06225    8.31749    9.57379   10.83417   12.10160   13.37898   14.66912   15.97471
   4.40961    5.56509    6.73244    7.90434    9.07354   10.23276   11.37452   12.49102   13.57402   14.61474
   4.57925    5.74080    6.89043    8.03543    9.18319   10.34101   11.51604   12.71507   13.94440   15.20970
   5.92153    6.95805    7.94711    8.90036    9.83051   10.75088   11.67506   12.61655   13.58837   14.60268
   4.29030    5.39961    6.55151    7.73328    8.93335   10.14095   11.34562   12.53680   13.70332   14.83301
   5.94827    6.98494    8.06836    9.18451   10.32055   11.46437   12.60420   13.72808   14.82344   15.87670
   5.08346    6.19620    7.26356    8.29672    9.30801   10.31051   11.31753   12.34230   13.39742   14.49450
   5.34720    6.37851    7.42403    8.48233    9.55205   10.63183   11.72037   12.81638   13.91860   15.02577
   4.47558    5.65934    6.83058    7.99027    9.13945   10.27917   11.41054   12.53467   13.65273   14.76586
   5.44676    6.42951    7.39320    8.34314    9.28482   10.22387   11.16594   12.11663   13.08143   14.06565
   4.79063    5.85422    6.93514    8.02817    9.12833   10.23074   11.33056   12.42294   13.50286   14.56510
   5.49962    6.50426    7.50060    8.49431    9.49109   10.49660   11.51642   12.55593   13.62029   14.71433
   4.65751    5.87720    7.10368    8.33229    9.55840   10.77736   11.98437   13.17445   14.34234   15.48245
   4.31350    5.44328    6.62859    7.85474    9.10826   10.37657   11.64759   12.90932   14.14945   15.35497
   5.13290    6.41445    7.64491    8.83475    9.99577   11.14064   12.28252   13.43463   14.60991   15.82062
   4.67053    5.67574    6.73753    7.83793    8.96066   10.09049   11.21256   12.31160   13.37128   14.37353
   5.08125    6.20454    7.27463    8.30508    9.31122   10.30939   11.31627   12.34816   13.42034   14.54626
   4.91012    5.92817    6.95934    8.00097    9.05047   10.10527   11.16285   12.22070   13.27631   14.32715
   4.32461    5.50603    6.67601    7.83670    8.99028   10.13901   11.28520   12.43113   13.57912   14.73148
   4.43912    5.53475    6.71331    7.94952    9.22147   10.50956   11.79532   13.06011   14.28387   15.44389
   5.95746    7.15601    8.27338    9.32680   10.33693   11.32646   12.31901   13.33806   14.40589   15.54242
   4.98978    6.15462    7.34865    8.56339    9.79069   11.02265   12.25145   13.46920   14.66781   15.83889
   4.40780    5.73146    7.02888    8.30695    9.57297   10.83446   12.09903   13.37424   14.66742   15.98557
   5.21796    6.35866    7.52612    8.71299    9.91221   11.11695   12.32043   13.51588   14.69638   15.85479
   4.19268    5.46508    6.71298    7.94246    9.15990   10.37189   11.58512   12.80627   14.04185   15.29816
   4.19500    5.28895    6.43821    7.62481    8.83256   10.04635   11.25143   12.43253   13.57322   14.65511
   5.58653    6.70871    7.77432    8.79828    9.79729   10.78895   11.79116   12.82145   13.89621   15.02998
   5.46248    6.45516    7.47342    8.51124    9.56285   10.62269   11.68532   12.74537   13.79739   14.83584
   5.99616    7.11432    8.20924    9.28567   10.34864   11.40340   12.45535   13.50992   14.57247   15.64829
   5.44421    6.43931    7.41652    8.38173    9.34099   10.30042   11.26614   12.24420   13.24048   14.26062
   4.59870    5.75656    6.92956    8.11247    9.30022   10.48782   11.67031   12.84260   13.99944   15.13527
   4.17154    5.27356    6.41649    7.58953    8.78268    9.98644   11.19162   12.38906   13.56940   14.72279
   4.95701    6.14473    7.29321    8.41094    9.50722   10.59185   11.67490   12.76650   13.87654   15.01451
   5.83923    6.79548    7.79296    8.81884    9.86127   10.90898   11.95096   12.97592   13.97200   14.92628
   5.50859    6.54510    7.54206    8.50984    9.45982   10.40396   11.35443   12.32318   13.32155   14.35986
   4.37253    5.48654    6.65071    7.85173    9.07737   10.31616   11.55709   12.78920   14.00123   15.18130
   5.61206    6.83716    8.01478    9.15485   10.26847   11.36744   12.46402   13.57048   14.69886   15.86057
   5.07994    6.09162    7.14869    8.23822    9.34828   10.46755   11.58503   12.68967   13.76998   14.81373
   5.42491    6.57596    7.68555    8.76333    9.82000   10.86693   11.91576   12.97808   14.06509   15.18719
   5.84314    6.86054    7.83616    8.78120    9.70760   10.62774   11.55418   12.49929   13.47502   14.49256
   4.74479    5.90587    7.10232    8.32312    9.55815   10.79785   12.03285   13.25359   14.44996   15.61091
   5.80818    6.77471    7.74582    8.72117    9.70040   10.68317   11.66911   12.65790   13.64918   14.64262
   5.29080    6.42771    7.56070    8.69005    9.81604   10.93895   12.05906   13.17667   14.29206   15.40554
   4.73990    5.75581    6.79483    7.85197    8.92245   10.00158   11.08478   12.16751   13.24522   14.31330
   4.20911    5.47152    6.71500    7.94311    9.15963   10.36848   11.57369   12.77932   13.98945   15.20807
   5.14100    6.26786    7.45460    8.67920    9.92226   11.16575   12.39166   13.58068   14.71095   15.75702
   5.50303    6.56605    7.56200    8.51117    9.43611   10.36048   11.30796   12.30120   13.36060   14.50296
   5.40209    6.39879    7.41870    8.45421    9.49800   10.54286   11.58164   12.60706   13.61160   14.58741
   5.14219    6.30302    7.44353    8.56990    9.68862   10.80633   11.92969   13.06526   14.21931   15.39773
   5.16383    6.30742    7.50033    8.72482    9.96466   11.20434   12.42837   13.62047   14.76289   15.83579
   4.05962    5.22353    6.33697    7.41565    8.47671    9.53795   10.61716   11.73145   12.89651   14.12574
   4.84227    5.98436    7.19906    8.46004    9.74435   11.03088   12.29872   13.52546   14.68560   15.74932
   4.64422    5.78445    6.84727    7.85495    8.83285    9.80782   10.80689   11.85584   12.97777   14.19118
   4.16131    5.24022    6.37673    7.55309    8.75329    9.96235   11.16574   12.34866   13.49534   14.58849
   4.70950    5.88527    7.00561    8.08410    9.13609   10.17789   11.22622   12.29755   13.40749   14.57007
   5.85363    6.86289    7.91697    9.00305   10.10923   11.22425   12.33715   13.43689   14.51200   15.55027
   4.41341    5.56443    6.67461    7.75358    8.81195    9.86103   10.91235   11.97740   13.06727   14.19224
   4.49722    5.68785    6.94806    8.25340    9.58255   10.91599   12.23456   13.51791   14.74315   15.88361
   5.57286    6.71450    7.77907    8.78800    9.76546   10.73707   11.72872   12.76538   13.86990   15.06148
   5.97164    6.91031    7.88563    8.88725    9.90545   10.93097   11.95470   12.96752   13.96001   14.92222
   5.19442    6.29104    7.35525    8.39478    9.41809   10.43408   11.45187   12.48051   13.52874   14.60480
   5.49238    6.49415    7.47751    8.44938    9.41681   10.38691   11.36676   12.36332   13.38329   14.43305
   4.64360    5.86671    7.10467    8.35169    9.60216   10.85056   12.09130   13.31866   14.52662   15.70874
   5.54734    6.57443    7.65391    8.76772    9.89961   11.03436   12.15690   13.25146   14.30077   15.28533
   5.57313    6.61962    7.61213    8.56605    9.49851   10.42751   11.37118   12.34707   13.37134   14.45784
   5.47413    6.51486    7.56519    8.62202    9.68232   10.74306   11.80120   12.85372   13.89755   14.92954
   4.03302    5.30173    6.56251    7.81784    9.07025   10.32229   11.57651   12.83546   14.10162   15.37744
   5.79797    6.84439    7.93801    9.06270   10.20380   11.34748   12.48002   13.58714   14.65335   15.66133
   5.26869    6.32186    7.32604    8.29538    9.24539   10.19231   11.15249   12.14180   13.17497   14.26489
   5.31557    6.40294    7.55183    8.74084    9.95137   11.16645   12.36947   13.54290   14.66699   15.71878
   5.92960    6.94721    7.89505    8.79221    9.66023   10.52188   11.40023   12.31762   13.29464   14.34887
   4.41492    5.57563    6.80253    8.07383    9.37032   10.67435   11.96879   13.23589   14.45617   15.60748
   5.39319    6.55197    7.64064    8.67727    9.68232   10.67759   11.68525   12.72699   13.82306   14.99116
   5.05151    6.01450    7.03723    8.10303    9.19681   10.30463   11.41313   12.50898   13.57830   14.60616
   5.48912    6.63154    7.72093    8.76831    9.78650   10.78943   11.79162   12.80760   13.85139   14.93594
   4.67185    5.66450    6.71202    7.79910    8.91195   10.03782   11.16452   12.27991   13.37135   14.42521
   5.84257    6.93727    7.97971    8.98091    9.95345   10.91092   11.86741   12.83704   13.83350   14.86954
   5.07661    6.17000    7.32580    8.52587    9.75402   10.99546   12.23605   13.46163   14.65727   15.80658
   5.81425    6.96897    8.06136    9.10506   10.11563   11.10988   12.10518   13.11886   14.16761   15.26682
   4.78036    5.79989    6.91796    8.10349    9.33019   10.57515   11.81711   13.03452   14.20368   15.29705
   5.09145    6.25381    7.32209    8.31528    9.25736   10.17526   11.09720   12.05121   13.06355   14.15700
   5.63034    6.59424    7.58034    8.58348    9.59871   10.62124   11.64641   12.66957   13.68607   14.69114
   5.01652    6.06295    7.08850    8.09741    9.09417   10.08343   11.06997   12.05858   13.05404   14.06103
   5.70671    6.83861    7.97256    9.10648   10.23831   11.36598   12.48738   13.60040   14.70286   15.79253
   5.44398    6.60235    7.75873    8.91514   10.07359   11.23609   12.40463   13.58116   14.76759   15.96577
   5.27165    6.39413    7.57122    8.78342   10.01327   11.24438   12.46045   13.64422   14.77657   15.83571
   5.02504    6.11370    7.14325    8.13132    9.09740   10.06188   11.04522   12.06709   13.14550   14.29572
   5.43896    6.41684    7.42107    8.44340    9.47602   10.51141   11.54208   12.56047   13.55867   14.52828
   5.70325    6.69406    7.65819    8.60314    9.53685   10.46750   11.40334   12.35253   13.32290   14.32180
   4.17984    5.27238    6.42603    7.62153    8.84133   10.06899   11.28841   12.48314   13.63559   14.72646
   4.09570    5.34212    6.53233    7.68061    8.80310    9.91701   11.03991   12.18899   13.38036   14.62824
   5.39143    6.47569    7.56643    8.66316    9.76543   10.87276   11.98470   13.10080   14.22061   15.34368
   4.16994    5.44258    6.70968    7.97159    9.22868   10.48130   11.72983   12.97465   14.21613   15.45466
   4.77935    5.83261    6.90609    7.99424    9.09161   10.19290   11.29283   12.38609   13.46732   14.53102
   4.53636    5.83461    7.11620    8.38537    9.64658   10.90438   12.16337   13.42814   14.70321   15.99292
   4.63195    5.59675    6.62642    7.70131    8.80388    9.91800   11.02814   12.11858   13.17255   14.17151
   5.44952    6.56399    7.61898    8.62798    9.60674   10.57237   11.54256   12.53478   13.56556   14.64960
   5.25010    6.24792    7.27675    8.32646    9.38740   10.45024   11.50568   12.54424   13.55601   14.53046
   5.94095    7.06805    8.16697    9.24600   10.31399   11.38010   12.45352   13.54327   14.65789   15.80524
   4.26580    5.31322    6.42185    7.57225    8.74699    9.92985   11.10506   12.25644   13.36658   14.41613
   5.25850    6.40860    7.49998    8.54734    9.56741   10.57808   11.59761   12.64390   13.73375   14.88191
   4.90311    5.99293    7.15097    8.35725    9.59402   10.84513   12.09518   13.32873   14.52944   15.67929
   5.00251    6.18399    7.29885    8.36146    9.38851   10.39809   11.40899   12.43990   13.50879   14.63207
   5.90867    6.95508    8.02723    9.11407   10.20508   11.28988   12.35785   13.39784   14.39782   15.34464
   5.13168    6.16910    7.17997    8.17504    9.16555   10.16285   11.17811   12.22197   13.30415   14.43306
   4.78073    5.82555    6.86233    7.89261    8.91794    9.93991   10.96009   11.98008   13.00148   14.02586
   5.20309    6.38330    7.57058    8.76350    9.96068   11.16074   12.36232   13.56405   14.76460   15.96259
   5.24741    6.38119    7.54331    8.72521    9.91869   11.11578   12.30859   13.48916   14.64925   15.78026
   4.68176    5.92021    7.13214    8.32481    9.50592   10.68336   11.86513   13.05912   14.27299   15.51397
   4.40158    5.60584    6.86662    8.16543    9.48538   10.81053   12.12522   13.41326   14.65731   15.83819
   4.39985    5.66907    6.88228    8.05479    9.20351   10.34623   11.50095   12.68525   13.91559   15.20654
   5.33975    6.34849    7.40762    8.50535    9.63078   10.77373   11.92446   13.07347   14.21118   15.32774
   4.30886    5.52416    6.69587    7.83156    8.93984   10.03007   11.11210   12.19596   13.29165   14.40886
   5.09624    6.21564    7.40289    8.63620    9.89630   11.16558   12.42697   13.66295   14.85439   15.97974
   5.76346    6.92575    8.01885    9.05986   10.06836   11.06532   12.07220   13.11005   14.19859   15.35514
   4.16375    5.24155    6.43578    7.70697    9.02281   10.35583   11.68061   12.97076   14.19592   15.31934
   5.37823    6.56999    7.64564    8.62958    9.55327   10.45212   11.36300   12.32208   13.36252   14.51158
   5.55637    6.73319    7.92169    9.11507   10.30665   11.48969   12.65733   13.80243   14.91751   15.99463
   4.76236    5.95102    7.12803    8.30008    9.47396   10.65644   11.85411   13.07333   14.32004   15.59966
   5.57293    6.56287    7.61243    8.70299    9.81770   10.94083   12.05710   13.15085   14.20537   15.20225
   4.80981    5.95160    7.03897    8.08533    9.10598   10.11738   11.13634   12.17937   13.26194   14.39769
   5.21185    6.27172    7.39884    8.57233    9.77333   10.98429   12.18816   13.36754   14.50383   15.57654
   4.21380    5.46064    6.64720    7.78804    8.89996   10.00105   11.10986   12.24464   13.42244   14.65828
   4.77000    5.94874    7.16812    8.41605    9.68135   10.95336   12.22168   13.47578   14.70464   15.89648
   5.83882    7.01802    8.15521    9.26104   10.34700   11.42510   12.50752   13.60638   14.73333   15.89930
   5.39955    6.44631    7.44835    8.41664    9.36299   10.29971   11.23933   12.19433   13.17683   14.19828
   4.48422    5.65793    6.87009    8.10943    9.36563   10.62903   11.89028   13.13990   14.36799   15.56381
   4.95436    6.05488    7.17184    8.30279    9.44536   10.59722   11.75608   12.91971   14.08589   15.25240
   4.02607    5.31454    6.58880    7.85065    9.10200   10.34481   11.58109   12.81288   14.04227   15.27133
   5.74787    6.73938    7.79491    8.89661   10.02852   11.17607   12.32545   13.46295   14.57426   15.64386
   5.79347    6.92036    7.98766    9.00736    9.99350   10.96143   11.92719   12.90689   13.91613   14.96937
   5.30033    6.36290    7.41059    8.44610    9.47226   10.49189   11.50789   12.52317   13.54065   14.56321
   4.15292    5.36916    6.59826    7.83763    9.08477   10.33725   11.59267   12.84868   14.10291   15.35300
   5.57858    6.59144    7.64749    8.73040    9.82517   10.91743   11.99268   13.03553   14.02902   14.95406
   5.75005    6.76906    7.74335    8.68778    9.61847   10.55209   11.50521   12.49358   13.53143   14.63058
   5.36647    6.54020    7.74393    8.96523   10.19229   11.41349   12.61701   13.79042   14.92032   15.99200
   4.55769    5.70270    6.81619    7.91041    8.99819   10.09253   11.20624   12.35158   13.53979   14.78068
   5.61619    6.57424    7.59759    8.66732    9.76649   10.87951   11.99151   13.08756   14.15193   15.16744
   5.49417    6.62570    7.69869    8.72556    9.72094   10.70084   11.68190   12.68071   13.71311   14.79351
   4.27492    5.46249    6.66416    7.87616    9.09484   10.31659   11.53783   12.75497   13.96441   15.16244
   4.13581    5.38104    6.61267    7.83414    9.04895   10.26068   11.47292   12.68927   13.91328   15.14844
   4.05808    5.11284    6.24518    7.43147    8.65117    9.88595   11.11852   12.33144   13.50590   14.62066
   4.95327    6.08895    7.14752    8.14546    9.10241   10.03988   10.98025   11.94576   12.95755   14.03457
   5.28492    6.38992    7.49402    8.59490    9.69025   10.77769   11.85483   12.91920   13.96827   14.99942
   4.40648    5.53726    6.66892    7.80371    8.94385   10.09152   11.24887   12.41796   13.60080   14.79928
   5.38164    6.47755    7.63190    8.82611   10.04365   11.26928   12.48823   13.68535   14.84425   15.94660
   5.18487    6.28572    7.32531    8.31896    9.28397   10.23870   11.20193   12.19209   13.22660   14.32104
   4.68522    5.78315    6.94050    8.13973    9.36516   10.60242   11.83772   13.05719   14.24615   15.38844
   5.79214    6.92553    7.99831    9.02418   10.01868   10.99846   11.98070   12.98248   14.02021   15.10898
   4.69518    5.84565    7.05803    8.31196    9.58882   10.87104   12.14128   13.38165   14.57295   15.69400
   4.78377    6.09477    7.34887    8.56153    9.75008   10.93286   12.12848   13.35496   14.62905   15.96523
   5.40402    6.48215    7.52529    8.54178    9.54051   10.53073   11.52183   12.52323   13.54410   14.59326
   4.56140    5.69895    6.86869    8.06171    9.26965   10.48459   11.69879   12.90452   14.09378   15.25813
   5.77540    6.82552    7.90044    8.99413   10.10088   11.21513   12.33149   13.44458   14.54896   15.63906
   4.66874    5.79111    6.88978    7.96978    9.03641   10.09520   11.15177   12.21179   13.28087   14.36448
   4.99241    5.99301    7.00846    8.03366    9.06359   10.09330   11.11785   12.13223   13.13129   14.10972
   5.80831    6.94606    8.07058    9.18623   10.29751   11.40900   12.52524   13.65074   14.78983   15.94668
   4.59224    5.70766    6.80416    7.88663    8.96014   10.02986   11.10099   12.17875   13.26824   14.37444
   4.65240    5.81734    7.00012    8.19576    9.39945   10.60652   11.81233   13.01223   14.20147   15.37517
   4.50409    5.62969    6.83191    8.08522    9.36764   10.65949   11.94187   13.19508   14.39716   15.52255
   5.44368    6.56611    7.60633    8.58463    9.52458   10.45156   11.39157   12.36998   13.41037   14.53300
   5.65707    6.58565    7.56145    8.57243    9.60750   10.65620   11.70847   12.75437   13.78375   14.78602
   5.70114    6.83555    7.92968    8.99142   10.02975   11.05433   12.07524   13.10268   14.14662   15.21660
   4.47886    5.65530    6.85641    8.07536    9.30561   10.54082   11.77471   13.00100   14.21327   15.40487
   5.04477    6.27542    7.48203    8.67062    9.84753   11.01923   12.19232   13.37335   14.56876   15.78475
   5.70681    6.75506    7.82008    8.89735    9.98249   11.07119   12.15916   13.24215   14.31581   15.37571
   4.13559    5.29293    6.43486    7.56524    8.68808    9.80747   10.92757   12.05248   13.18630   14.33297
   5.53667    6.60820    7.69490    8.79250    9.89687   11.00393   12.10963   13.20993   14.30069   15.37772
   5.18524    6.33947    7.47944    8.60892    9.73179   10.85201   11.97357   13.10043   14.23651   15.38562
   4.38501    5.56238    6.76861    7.99349    9.22731   10.46063   11.68394   12.88752   14.06108   15.19359
   5.37877    6.55367    7.69897    8.82432    9.93988   11.05600   12.18305   13.33113   14.50984   15.72798
   4.98520    6.06181    7.23050    8.46172    9.72990   11.01210   12.28646   13.53051   14.71957   15.82532
   4.57883    5.82014    6.97549    8.06420    9.10978   10.13818   11.17624   12.25032   13.38476   14.60028
